0 0.6630859375 0.9306640625 0.0791015625 0.0830078125
0 0.7001953125 0.7109375 0.0283203125 0.0380859375
0 0.640625 0.6376953125 0.0390625 0.0634765625
0 0.7353515625 0.5546875 0.009765625 0.021484375
0 0.689453125 0.5751953125 0.0146484375 0.025390625
0 0.7666015625 0.5478515625 0.0078125 0.015625
0 0.7978515625 0.5361328125 0.0234375 0.03515625
0 0.70703125 0.4931640625 0.0478515625 0.0537109375
0 0.671875 0.4482421875 0.02734375 0.0625
0 0.4560546875 0.58984375 0.0517578125 0.0341796875
0 0.5283203125 0.6865234375 0.025390625 0.0234375
0 0.201171875 0.15625 0.056640625 0.0791015625
0 0.1376953125 0.1572265625 0.03515625 0.0654296875
0 0.2705078125 0.138671875 0.0185546875 0.0380859375
0 0.2900390625 0.126953125 0.021484375 0.03515625
0 0.09375 0.138671875 0.0224609375 0.0517578125
0 0.1494140625 0.248046875 0.03515625 0.09375
0 0.955078125 0.98046875 0.029296875 0.025390625