0 0.87890625 0.2451171875 0.0625 0.0673828125
0 0.2587890625 0.10546875 0.0712890625 0.0810546875
0 0.2021484375 0.119140625 0.033203125 0.0322265625
0 0.2099609375 0.248046875 0.068359375 0.0673828125
0 0.12890625 0.8486328125 0.0380859375 0.0458984375
0 0.0771484375 0.3544921875 0.015625 0.02734375
0 0.130859375 0.34765625 0.0205078125 0.02734375
0 0.095703125 0.4052734375 0.08984375 0.056640625
1 0.1474609375 0.70703125 0.0205078125 0.0224609375
0 0.4462890625 0.8994140625 0.0400390625 0.0537109375
0 0.423828125 0.666015625 0.021484375 0.02734375