0 0.892578125 0.16796875 0.1357421875 0.0966796875
0 0.8955078125 0.080078125 0.0302734375 0.048828125
0 0.765625 0.0908203125 0.0390625 0.0732421875
0 0.69921875 0.341796875 0.0302734375 0.0625
0 0.6865234375 0.0146484375 0.0458984375 0.029296875
0 0.4462890625 0.2802734375 0.0390625 0.056640625
0 0.171875 0.220703125 0.037109375 0.046875
0 0.2392578125 0.333984375 0.0498046875 0.048828125
0 0.3017578125 0.4072265625 0.0302734375 0.044921875
0 0.1513671875 0.4990234375 0.0576171875 0.0234375
0 0.3662109375 0.6357421875 0.0244140625 0.0244140625
0 0.1220703125 0.7763671875 0.07421875 0.0673828125
0 0.6376953125 0.8310546875 0.046875 0.048828125
0 0.802734375 0.9091796875 0.044921875 0.052734375
0 0.6904296875 0.8662109375 0.029296875 0.076171875