0 0.2158203125 0.4306640625 0.1259765625 0.0986328125
0 0.5537109375 0.3916015625 0.06640625 0.080078125
0 0.1689453125 0.6162109375 0.0947265625 0.083984375
0 0.0458984375 0.7822265625 0.0693359375 0.0615234375
0 0.021484375 0.7001953125 0.01953125 0.048828125
0 0.015625 0.6474609375 0.02734375 0.0244140625
0 0.0732421875 0.6884765625 0.025390625 0.0224609375
0 0.8544921875 0.3974609375 0.0400390625 0.037109375
0 0.5068359375 0.044921875 0.0556640625 0.08984375
0 0.38671875 0.044921875 0.046875 0.08984375
0 0.189453125 0.0830078125 0.072265625 0.083984375